101
1727
0 1
2 1
2 0
3 2
3 1
3 0
4 2
4 1
4 0
5 4
5 2
5 1
5 0
6 5
6 4
6 2
6 1
6 0
7 6
7 5
7 4
7 2
7 1
7 0
8 7
8 6
8 5
8 4
8 2
8 1
8 0
9 8
9 7
9 6
9 5
9 4
9 2
9 1
9 0
10 9
10 8
10 7
10 6
10 5
10 4
10 2
10 1
10 0
11 9
11 8
11 7
11 6
11 5
11 4
11 2
11 1
11 1
11 0
12 11
12 9
12 8
12 7
12 6
12 5
12 4
12 2
12 1
12 1
12 0
13 12
13 11
13 9
13 8
13 7
13 6
13 5
13 4
13 2
13 1
13 1
13 0
14 13
14 12
14 11
14 9
14 8
14 7
14 6
14 5
14 4
14 2
14 1
14 1
14 0
15 84
15 83
15 82
15 81
15 79
15 78
15 77
15 76
15 75
15 74
15 73
15 72
15 71
15 69
15 68
15 67
15 66
15 65
15 64
15 63
15 62
15 61
15 59
15 58
15 57
15 56
15 55
15 54
15 53
15 49
15 17
15 14
15 13
15 12
15 11
15 9
15 8
15 8
15 7
15 7
15 6
15 6
15 5
15 4
15 2
15 1
15 1
15 0
16 84
16 83
16 17
16 15
16 14
16 13
16 12
16 11
16 9
16 8
16 7
16 6
16 5
16 4
16 2
16 1
16 1
16 0
17 84
17 83
17 17
17 16
17 15
17 14
17 13
17 12
17 11
17 9
17 8
17 7
17 6
17 5
17 4
17 2
17 1
17 1
17 0
18 17
18 16
18 15
18 14
18 13
18 12
18 11
18 9
18 8
18 7
18 6
18 5
18 4
18 2
18 1
18 1
18 0
19 18
19 17
19 16
19 15
19 14
19 13
19 12
19 11
19 9
19 8
19 7
19 6
19 5
19 4
19 2
19 1
19 1
19 0
20 19
20 18
20 17
20 16
20 15
20 14
20 13
20 12
20 11
20 9
20 8
20 7
20 6
20 5
20 4
20 2
20 1
20 1
20 0
21 19
21 18
21 17
21 16
21 15
21 14
21 13
21 12
21 11
21 9
21 8
21 7
21 6
21 5
21 4
21 2
21 2
21 1
21 1
21 0
22 21
22 19
22 18
22 17
22 16
22 15
22 14
22 13
22 12
22 11
22 9
22 8
22 7
22 6
22 5
22 4
22 2
22 2
22 1
22 1
22 0
23 22
23 21
23 19
23 18
23 17
23 16
23 15
23 14
23 13
23 12
23 11
23 9
23 8
23 7
23 6
23 5
23 4
23 2
23 2
23 1
23 1
23 0
24 23
24 22
24 21
24 19
24 18
24 17
24 16
24 15
24 14
24 13
24 12
24 11
24 9
24 8
24 7
24 6
24 5
24 4
24 2
24 2
24 1
24 1
24 0
25 24
25 23
25 22
25 21
25 19
25 18
25 17
25 16
25 15
25 14
25 13
25 12
25 11
25 9
25 8
25 7
25 6
25 5
25 4
25 2
25 2
25 1
25 1
25 0
26 25
26 24
26 23
26 22
26 21
26 19
26 18
26 17
26 16
26 15
26 14
26 13
26 12
26 11
26 9
26 8
26 7
26 6
26 5
26 4
26 2
26 2
26 1
26 1
26 0
27 26
27 25
27 24
27 23
27 22
27 21
27 19
27 18
27 17
27 16
27 15
27 14
27 13
27 12
27 11
27 9
27 8
27 7
27 6
27 5
27 4
27 2
27 2
27 1
27 1
27 0
28 27
28 26
28 25
28 24
28 23
28 22
28 21
28 19
28 18
28 17
28 16
28 15
28 14
28 13
28 12
28 11
28 9
28 8
28 7
28 6
28 5
28 4
28 2
28 2
28 1
28 1
28 0
29 3
31 29
31 3
32 29
33 32
33 29
34 33
34 32
34 29
35 34
35 33
35 32
35 29
36 93
36 35
36 34
36 33
36 32
36 29
37 36
37 35
37 34
37 33
37 32
37 29
38 37
38 36
38 35
38 34
38 33
38 32
38 29
39 38
39 37
39 36
39 35
39 34
39 33
39 32
39 29
40 39
40 38
40 37
40 36
40 35
40 34
40 33
40 32
40 29
41 39
41 38
41 37
41 36
41 35
41 34
41 33
41 32
41 29
41 4
42 41
42 39
42 38
42 37
42 36
42 35
42 34
42 33
42 32
42 29
42 4
43 42
43 41
43 39
43 38
43 37
43 36
43 35
43 34
43 33
43 32
43 29
43 4
44 43
44 42
44 41
44 39
44 38
44 37
44 36
44 35
44 34
44 33
44 32
44 29
44 4
45 31
46 45
46 31
47 46
47 45
47 31
48 47
48 46
48 45
48 31
49 5
51 49
51 5
52 51
52 49
52 5
53 49
54 53
54 49
55 54
55 53
55 49
56 55
56 54
56 53
56 49
57 56
57 55
57 54
57 53
57 49
58 57
58 56
58 55
58 54
58 53
58 49
59 58
59 57
59 56
59 55
59 54
59 53
59 49
60 59
60 58
60 57
60 56
60 55
60 54
60 53
60 49
61 59
61 58
61 57
61 56
61 55
61 54
61 53
61 49
61 6
62 61
62 59
62 58
62 57
62 56
62 55
62 54
62 53
62 49
62 6
63 62
63 61
63 59
63 58
63 57
63 56
63 55
63 54
63 53
63 49
63 6
64 63
64 62
64 61
64 59
64 58
64 57
64 56
64 55
64 54
64 53
64 49
64 6
65 64
65 63
65 62
65 61
65 59
65 58
65 57
65 56
65 55
65 54
65 53
65 49
65 6
66 65
66 64
66 63
66 62
66 61
66 59
66 58
66 57
66 56
66 55
66 54
66 53
66 49
66 6
67 66
67 65
67 64
67 63
67 62
67 61
67 59
67 58
67 57
67 56
67 55
67 54
67 53
67 49
67 6
68 67
68 66
68 65
68 64
68 63
68 62
68 61
68 59
68 58
68 57
68 56
68 55
68 54
68 53
68 49
68 6
69 68
69 67
69 66
69 65
69 64
69 63
69 62
69 61
69 59
69 58
69 57
69 56
69 55
69 54
69 53
69 49
69 6
70 69
70 68
70 67
70 66
70 65
70 64
70 63
70 62
70 61
70 59
70 58
70 57
70 56
70 55
70 54
70 53
70 49
70 6
71 69
71 68
71 67
71 66
71 65
71 64
71 63
71 62
71 61
71 59
71 58
71 57
71 56
71 55
71 54
71 53
71 49
71 7
71 6
72 71
72 69
72 68
72 67
72 66
72 65
72 64
72 63
72 62
72 61
72 59
72 58
72 57
72 56
72 55
72 54
72 53
72 49
72 7
72 6
73 72
73 71
73 69
73 68
73 67
73 66
73 65
73 64
73 63
73 62
73 61
73 59
73 58
73 57
73 56
73 55
73 54
73 53
73 49
73 7
73 6
74 73
74 72
74 71
74 69
74 68
74 67
74 66
74 65
74 64
74 63
74 62
74 61
74 59
74 58
74 57
74 56
74 55
74 54
74 53
74 49
74 7
74 6
75 74
75 73
75 72
75 71
75 69
75 68
75 67
75 66
75 65
75 64
75 63
75 62
75 61
75 59
75 58
75 57
75 56
75 55
75 54
75 53
75 49
75 7
75 6
76 75
76 74
76 73
76 72
76 71
76 69
76 68
76 67
76 66
76 65
76 64
76 63
76 62
76 61
76 59
76 58
76 57
76 56
76 55
76 54
76 54
76 53
76 49
76 7
76 6
77 76
77 75
77 74
77 73
77 72
77 71
77 69
77 68
77 67
77 66
77 65
77 64
77 63
77 62
77 61
77 59
77 58
77 57
77 56
77 55
77 54
77 53
77 49
77 7
77 6
78 77
78 76
78 75
78 74
78 73
78 72
78 71
78 69
78 68
78 67
78 66
78 65
78 64
78 63
78 62
78 61
78 59
78 58
78 57
78 56
78 55
78 54
78 53
78 49
78 7
78 6
79 78
79 77
79 76
79 75
79 74
79 73
79 72
79 71
79 69
79 68
79 67
79 66
79 65
79 64
79 63
79 62
79 61
79 59
79 58
79 57
79 56
79 55
79 54
79 53
79 49
79 7
79 6
80 79
80 78
80 77
80 76
80 75
80 74
80 73
80 72
80 71
80 69
80 68
80 67
80 66
80 65
80 64
80 63
80 62
80 61
80 59
80 58
80 57
80 56
80 55
80 54
80 53
80 49
80 7
80 6
81 79
81 78
81 77
81 76
81 75
81 74
81 73
81 72
81 71
81 69
81 68
81 67
81 66
81 65
81 64
81 63
81 62
81 61
81 59
81 58
81 57
81 56
81 55
81 54
81 53
81 49
81 8
81 7
81 6
82 81
82 79
82 78
82 77
82 76
82 75
82 74
82 73
82 72
82 71
82 69
82 68
82 67
82 66
82 65
82 64
82 63
82 62
82 61
82 59
82 58
82 57
82 56
82 55
82 54
82 53
82 49
82 8
82 7
82 6
83 82
83 81
83 79
83 78
83 77
83 76
83 75
83 74
83 73
83 72
83 71
83 69
83 68
83 67
83 66
83 65
83 64
83 63
83 62
83 61
83 59
83 58
83 57
83 56
83 55
83 54
83 53
83 49
83 17
83 8
83 7
83 6
84 83
84 82
84 81
84 79
84 78
84 77
84 76
84 75
84 74
84 73
84 72
84 71
84 69
84 68
84 67
84 66
84 65
84 64
84 63
84 62
84 61
84 59
84 58
84 57
84 56
84 55
84 54
84 53
84 49
84 17
84 8
84 7
84 6
85 84
85 83
85 82
85 81
85 79
85 78
85 77
85 76
85 75
85 74
85 73
85 72
85 71
85 69
85 68
85 67
85 66
85 65
85 64
85 63
85 62
85 61
85 59
85 58
85 57
85 56
85 55
85 54
85 53
85 49
85 15
85 8
85 7
85 6
86 85
86 84
86 83
86 82
86 81
86 79
86 78
86 77
86 76
86 75
86 74
86 73
86 72
86 71
86 69
86 68
86 67
86 66
86 65
86 64
86 63
86 62
86 61
86 59
86 58
86 57
86 56
86 55
86 54
86 53
86 49
86 15
86 8
86 7
86 6
87 86
87 85
87 84
87 83
87 82
87 81
87 79
87 78
87 77
87 76
87 75
87 74
87 73
87 72
87 71
87 69
87 68
87 67
87 66
87 65
87 64
87 63
87 62
87 61
87 59
87 58
87 57
87 56
87 55
87 54
87 53
87 49
87 15
87 8
87 7
87 6
88 87
88 86
88 85
88 84
88 83
88 82
88 81
88 79
88 78
88 77
88 76
88 75
88 74
88 73
88 72
88 71
88 69
88 68
88 67
88 66
88 65
88 64
88 63
88 62
88 61
88 59
88 58
88 57
88 56
88 55
88 54
88 53
88 49
88 15
88 8
88 7
88 6
89 88
89 87
89 86
89 85
89 84
89 83
89 82
89 81
89 79
89 78
89 77
89 76
89 75
89 74
89 73
89 72
89 71
89 69
89 68
89 67
89 66
89 65
89 64
89 63
89 62
89 61
89 59
89 58
89 57
89 56
89 55
89 54
89 53
89 49
89 15
89 8
89 7
89 6
90 89
90 88
90 87
90 86
90 85
90 84
90 83
90 82
90 81
90 79
90 78
90 77
90 76
90 75
90 74
90 73
90 72
90 71
90 69
90 68
90 67
90 66
90 65
90 64
90 63
90 62
90 61
90 59
90 58
90 57
90 56
90 55
90 54
90 53
90 49
90 15
90 8
90 7
90 6
91 89
91 88
91 87
91 86
91 85
91 84
91 83
91 82
91 81
91 79
91 78
91 77
91 76
91 75
91 74
91 73
91 72
91 71
91 69
91 68
91 67
91 66
91 65
91 64
91 63
91 62
91 61
91 59
91 58
91 57
91 56
91 55
91 54
91 53
91 49
91 15
91 9
91 8
91 7
91 6
92 91
92 89
92 88
92 87
92 86
92 85
92 84
92 83
92 82
92 81
92 79
92 78
92 77
92 76
92 75
92 74
92 73
92 72
92 71
92 69
92 68
92 67
92 66
92 65
92 64
92 63
92 62
92 61
92 59
92 58
92 57
92 56
92 55
92 54
92 53
92 49
92 15
92 9
92 8
92 7
92 6
93 92
93 91
93 89
93 88
93 87
93 86
93 85
93 84
93 83
93 82
93 81
93 79
93 78
93 77
93 76
93 75
93 74
93 73
93 72
93 71
93 69
93 68
93 67
93 66
93 65
93 64
93 63
93 62
93 61
93 59
93 58
93 57
93 56
93 55
93 54
93 53
93 49
93 15
93 9
93 8
93 7
93 6
94 93
94 92
94 91
94 89
94 88
94 87
94 86
94 85
94 84
94 83
94 82
94 81
94 79
94 78
94 77
94 76
94 75
94 74
94 73
94 72
94 71
94 69
94 68
94 67
94 66
94 65
94 64
94 63
94 62
94 61
94 59
94 58
94 57
94 56
94 55
94 54
94 53
94 49
94 15
94 9
94 8
94 7
94 6
95 94
95 93
95 92
95 91
95 89
95 88
95 87
95 86
95 85
95 84
95 83
95 82
95 81
95 79
95 78
95 77
95 76
95 75
95 74
95 73
95 72
95 71
95 69
95 68
95 67
95 66
95 65
95 64
95 63
95 62
95 61
95 59
95 58
95 57
95 56
95 55
95 54
95 53
95 49
95 15
95 9
95 8
95 7
95 6
96 95
96 94
96 93
96 92
96 91
96 89
96 88
96 87
96 86
96 85
96 84
96 83
96 82
96 81
96 79
96 78
96 77
96 76
96 75
96 74
96 73
96 72
96 71
96 69
96 68
96 67
96 66
96 65
96 64
96 63
96 62
96 61
96 59
96 58
96 57
96 56
96 55
96 54
96 53
96 49
96 15
96 9
96 8
96 7
96 6
97 96
97 95
97 94
97 93
97 92
97 91
97 89
97 88
97 87
97 86
97 85
97 84
97 83
97 82
97 81
97 79
97 78
97 77
97 76
97 75
97 74
97 73
97 72
97 71
97 69
97 68
97 67
97 66
97 65
97 64
97 63
97 62
97 61
97 59
97 58
97 57
97 56
97 55
97 54
97 53
97 49
97 15
97 9
97 8
97 7
97 6
98 97
98 96
98 95
98 94
98 93
98 92
98 91
98 89
98 88
98 87
98 86
98 85
98 84
98 83
98 82
98 81
98 79
98 78
98 77
98 76
98 75
98 74
98 73
98 72
98 71
98 69
98 68
98 67
98 66
98 65
98 64
98 63
98 62
98 61
98 59
98 58
98 57
98 56
98 55
98 54
98 53
98 49
98 15
98 9
98 8
98 7
98 6
99 98
99 97
99 96
99 95
99 94
99 93
99 92
99 91
99 89
99 88
99 87
99 86
99 85
99 84
99 83
99 82
99 81
99 79
99 78
99 77
99 76
99 75
99 74
99 73
99 72
99 71
99 69
99 68
99 67
99 66
99 65
99 64
99 63
99 62
99 61
99 59
99 58
99 57
99 56
99 55
99 54
99 53
99 49
99 15
99 9
99 8
99 7
99 6
100 99
100 98
100 97
100 96
100 95
100 94
100 93
100 92
100 91
100 89
100 88
100 87
100 86
100 85
100 84
100 83
100 82
100 81
100 79
100 78
100 77
100 76
100 75
100 74
100 73
100 72
100 71
100 69
100 68
100 67
100 66
100 65
100 64
100 63
100 62
100 61
100 59
100 58
100 57
100 56
100 55
100 54
100 53
100 49
100 15
100 9
100 8
100 7
100 6
